Buff_Tail<-c(10,1,3,5,12)
Garden_bee<-c(8,3,9,6,4)
Red_tail<-c(18,9,12,4,5)
Carder_bee<-c(8,27,6,32,23)
Honey_bee<-c(12,13,16,9,10)
bee_matrix<-matrix(c(10,1,3,5,12,8,3,9,6,4,18,9,12,4,5,8,27,6,32,23,12,13,16,9,10),nrow=5,ncol = 5)
bee_matrix
plants<-list("Thistle","Vipers","Golden Rain","Yellowalfala","blackberry")
l<-list(plants,bee_matrix)
l